4.97286487298e-017
0.0264141604566 
0.0511232562989 
0.0725750131389 
0.0895081283127 
0.101062656371  
0.106852115249  
0.106990552021  
0.102072183873  
0.0931058335188 
0.0814107590781 
0.0684842086855 
0.0558537458701 
0.0449288284692 
0.0368661422219 
0.032461789769  
0.0320807549796 
0.035630365027  
0.0425801215861 
0.0520256949234 
0.0627905195293 
0.0735547244181 
0.0829984386103 
0.0899450966146 
0.0934903687281 
0.0931037566685 
0.0886925876642 
0.0806218456514 
0.0696876333506 
0.0570466365926 
0.0441083133185 
0.0324002271739 
0.0234196264218 
0.0184857693223 
0.0186074787418 
0.0243789720317 
0.0359142964441 
0.0528269701032 
0.0742570477615 
0.0989432269691 
0.125333233564  
0.151722003171  
0.176404471426  
0.197828364203  
0.214732379114  
0.226256570997  
0.232014458086  
0.232120087767  
0.22716767755   
0.218166050485  
0.20643446504   
0.193470169709  
0.180800728395  
0.169835599319  
0.161731468617  
0.157284439339  
0.156859495775  
0.160363965532  
0.167267350731  
0.176665322096  
0.187381314586  
0.198095457698  
0.207487880947  
0.214382019347  
0.217873543715  
0.217431956297  
0.212964584866  
0.204836413912  
0.193843546722  
0.181142669706  
0.168143241397  
0.156372826042  
0.14732867252   
0.142330039718  
0.142385751143  
0.148090024797  
0.159556908594  
0.176399921336  
0.197759118462  
0.222373198222  
0.248689887165  
0.275004121639  
0.299610838017  
0.32095776292   
0.337783594719  
0.349228389025  
0.354905664854  
0.354929470389  
0.349894023947  
0.340808149397  
0.328991106039  
0.315940143211  
0.30318282567   
0.292128612505  
0.283934190732  
0.279395664292  
0.278878018377  
0.28228858151   
0.289096856737  
0.298398515722  
0.309016994375  
0.319632423155  
0.328924932551  
0.335717958564  
0.339107173007  
0.338562079139  
0.333990005751  
0.325755938368  
0.314655981323  
0.301846822082  
0.288737920245  
0.276856841143  
0.267700834745  
0.262589161043  
0.262530644658  
0.26811950472   
0.279469790284  
0.2961950213    
0.317435254371  
0.341929188921  
0.368124552685  
0.394316283208  
0.418799318071  
0.440021385118  
0.456721183951  
0.468038771424  
0.473587667811  
0.47348192256   
0.468315755267  
0.459097991091  
0.447147890635  
0.433962704548  
0.421069998914  
0.409879234157  
0.40154709864   
0.396869697664  
0.396212017793  
0.39948138893   
0.406147315516  
0.415305470619  
0.425779291565  
0.436248910242  
0.445394458577  
0.452039374022  
0.455279329851  
0.454583830797  
0.449860207135  
0.441473445886  
0.43021965289   
0.417255517131  
0.40399049974   
0.391952167586  
0.382637772192  
0.377366575113  
0.377147402544  
0.382574475201  
0.393761843736  
0.410323029707  
0.431398091335  
0.455725729674  
0.481753674102  
0.507776863815  
0.532090238059  
0.55314152635   
0.569669429978  
0.580814007492  
0.586188780873  
0.585907801289  
0.580565290065  
0.571170074102  
0.55904141575   
0.545676567425  
0.532603096982  
0.521230466629  
0.512715366525  
0.507853903775  
0.507011066761  
0.510094187213  
0.516572771411  
0.52554249427   
0.535826794979  
0.546105807293  
0.555059665023  
0.561511807511  
0.564557909934  
0.563667478939  
0.558747846724  
0.550164002246  
0.538712053288  
0.525548690791  
0.512083377852  
0.499843683318  
0.490326860697  
0.484852173544  
0.484428450061  
0.489649912984  
0.500630614993  
0.516984079686  
0.537850367335  
0.561968181055  
0.587785252292  
0.613596522327  
0.637696932494  
0.658534214414  
0.674847071487  
0.685775564385  
0.690933217223  
0.690434083309  
0.684872386124  
0.67525695473   
0.662907053653  
0.64931993749   
0.63602317629   
0.624426234467  
0.615685804392  
0.610597995395  
0.609527798091  
0.612382546454  
0.618631749017  
0.627371082962  
0.637423989749  
0.647470605418  
0.656191066072  
0.662408813359  
0.66521952477   
0.664092709271  
0.658935701397  
0.650113492445  
0.638422192553  
0.625018495023  
0.611311865324  
0.598829874684  
0.589069779005  
0.58335084424   
0.582681901003  
0.58765717445   
0.598390719692  
0.614496062764  
0.635113266389  
0.658981036139  
0.684547105929  
0.710106419515  
0.733953920721  
0.754537343661  
0.770595394242  
0.781268135652  
0.786169094527  
0.785412326712  
0.779592058228  
0.769717120691  
0.757106781187  
0.743258296883  
0.729699240409  
0.717839078767  
0.708834506926  
0.703481636823  
0.702145461688  
0.704733318122  
0.710714717291  
0.71918533902   
0.728968627421  
0.738744721197  
0.747193759118  
0.753139185513  
0.755676680558  
0.754275755919  
0.748843748835  
0.739745653316  
0.727777582224  
0.714096231592  
0.70011106963   
0.687349670316  
0.677309292307  
0.671309204323  
0.670358239755  
0.675050626541  
0.685500422582  
0.701321156717  
0.721652894476  
0.745234344248  
0.770513242776  
0.795784536649  
0.819343172532  
0.839636887393  
0.855404389996  
0.865785746398  
0.87039448611   
0.869344667862  
0.863230520566  
0.853060878739  
0.840155012376  
0.826010181561  
0.812153961848  
0.799995823172  
0.790692463443  
0.785039997546  
0.783403421671  
0.78569007538   
0.791369472815  
0.79953729678   
0.809016994375  
0.818488707299  
0.826632577329  
0.832272051802  
0.834502813917  
0.832794378366  
0.827054085421  
0.817646932139  
0.805369034428  
0.791377091382  
0.777080574275  
0.764007060156  
0.753653810766  
0.747340097912  
0.74607475808   
0.750452022309  
0.760585951613  
0.776090077947  
0.796104469965  
0.81936783919   
0.844327925502  
0.869279678639  
0.892518048418  
0.912490774969  
0.927936570224  
0.937995503413  
0.942281107233  
0.940907443599  
0.934468744623  
0.923973848023  
0.910742027004  
0.896270544868  
0.882086980393  
0.869600806744  
0.859968725068  
0.853986853498  
0.852020191469  
0.853976081807  
0.859324041914  
0.867159757867  
0.876306680044  
0.885444953428  
0.893254723086  
0.898559439655  
0.900454789635  
0.898410291029  
0.892333287428  
0.88258877921   
0.869972885613  
0.855642309067  
0.841006524188  
0.827593111375  
0.816899335722  
0.810244472397  
0.808637361252  
0.812672236701  
0.822463163137  
0.8376236759    
0.857293847035  
0.880212391462  
0.904827052466  
0.929432783192  
0.952324536874  
0.971950057062  
0.987048059114  
0.996758615695  
1.00069526294   
0.998972066202  
0.99218326105   
0.981337688655  
0.967754625684  
0.952931338904  
0.938395410566  
0.925556317312  
0.915570763774  
0.909234871571  
0.906913643634  
0.908514426287  
0.913506740439  
0.920986275674  
0.929776485888  
0.938557519584  
0.946009525354  
0.950955957366  
0.952492505657  
0.950088691771  
0.943651862844  
0.933547022807  
0.920570294454  
0.905878383775  
0.890880768954  
0.87710503396   
0.866048447463  
0.859030288213  
0.857059399646  
0.860730019768  
0.870156216565  
0.884951528978  
0.904256032657  
0.92680844613   
0.951056516295  
0.975295199916  
0.997819453851  
1.01707702527   
1.03180663318   
1.04114835386   
1.04471572709   
1.04262282189   
1.03546387745   
1.0242477386    
1.01029368568   
0.9950989891    
0.980191234786  
0.966979903049  
0.956621702194  
0.949912757517  
0.947218075633  
0.94844500655   
0.953063074867  
0.960167973862  
0.968583161129  
0.97698878887   
0.984065009386  
0.988635280551  
0.989795296115  
0.987014581338  
0.980200487078  
0.969718020986  
0.956363309586  
0.941293062598  
0.925916761939  
0.911761995315  
0.900326035139  
0.892928163903  
0.890577228792  
0.893867471562  
0.902912963955  
0.917327248667  
0.93625040511   
0.958421155576  
0.982287250729  
1.0061436511    
1.02828531733   
1.04716000036   
1.06150642296   
1.07046466521   
1.07364827068   
1.07117131216   
1.06362803264   
1.05202728074   
1.0376883406    
1.02210848642   
1.00681530794   
0.993218289263  
0.982474142507  
0.975378996776  
0.972297862497  
0.973138093491  
0.977369218174  
0.984086933644  
0.992114701314  
1.00013267721   
1.00682101747   
1.01100318377   
1.01177487372   
1.0086056164    
1.00140276649   
0.990531335501  
0.976787453781  
0.961327834895  
0.945561964603  
0.931017434457  
0.919191520714  
0.911403509716  
0.908662252501  
0.911561994674  
0.920216811831  
0.934240250527  
0.952772394028  
0.974551968487  
0.998026728428  
1.02149163825   
1.04324166244   
1.06172455583   
1.07567904504   
1.08424521402   
1.08703661021   
1.08416731027   
1.07623156107   
1.0642382151    
1.04950656037   
1.03353387496   
1.01784775248   
1.00385768093   
0.992720376285  
0.985231971541  
0.981757481004  
0.982204262377  
0.98604184796   
0.992365938735  
1               
1.00762419167   
1.01391867375   
1.01770691184   
1.0180846074    
1.01452129342   
1.00692432848   
0.995658727946  
0.981520626083  
0.965666740339  
0.949506560366  
0.934567681606  
0.922347384211  
0.914164958414  
0.911029259145  
0.913534535903  
0.921794868177  
0.935423806414  
0.953561437776  
0.974946492307  
0.998026728428  
1.02109711443   
1.04245261869   
1.06054099994   
1.07410098869   
1.08227267279   
1.08466960357   
1.08140586157   
1.07307569757   
1.06068796795   
1.0455619646    
1.02919496952   
1.01311458018   
0.998730288482  
0.987198814301  
0.979316294515  
0.97544774732   
0.975500534311  
0.978944191674  
0.98487442428   
0.992114701314  
0.999345186577  
1.00524604397   
1.00864074295   
1.0086249889    
1.00466831866   
0.996678094699  
0.985019336281  
0.970488181538  
0.954241351799  
0.937688340595  
0.922356747246  
0.909743855778  
0.901168960301  
0.897640919615  
0.899753987095  
0.9076222461    
0.920859250945  
0.938605092662  
0.959598505162  
0.982287250729  
1.00496630152   
1.02593062978   
1.04362799808   
1.05679714081   
1.06457814968   
1.06658457986   
1.06293051576   
1.054210212     
1.04143252881   
1.02591676194   
1.00916019722   
0.992690435987  
0.977916973968  
0.965996534886  
0.957725259457  
0.953468169715  
0.953132631087  
0.956188183594  
0.961730535937  
0.968583161129  
0.975426226796  
0.980939900658  
0.983947656013  
0.983545202033  
0.979202079398  
0.970825654386  
0.958780950068  
0.943864108386  
0.927231854478  
0.910293685677  
0.894577205106  
0.881579700588  
0.872620470029  
0.868708376025  
0.870437675739  
0.877922456317  
0.890776275862  
0.908139229184  
0.928750053975  
0.951056516295  
0.973353592072  
0.993936257324  
1.01125227839   
1.02404039342   
1.03144069789   
1.03306675071   
1.02903264007   
1.01993262432   
1.00677556746   
0.990880768954  
0.973745518397  
0.956897420854  
0.941745975788  
0.929447910652  
0.920799369889  
0.916165379256  
0.915453307902  
0.918132699562  
0.92329926665   
0.929776485888  
0.936244528608  
0.941383566231  
0.944017075751  
0.943240770035  
0.938524193452  
0.929774715966  
0.917357364331  
0.902068284166  
0.885064204282  
0.867754625684  
0.851667155158  
0.838299084192  
0.828969714346  
0.82468791187   
0.826047937576  
0.833163882256  
0.84564930765   
0.862644312208  
0.882887637251  
0.904827052466  
0.926757537404  
0.946974071702  
0.963924425311  
0.976347339996  
0.98338291482   
0.984644712319  
0.980246824253  
0.970783512581  
0.957263644872  
0.941006524188  
0.923509443689  
0.906300012014  
0.890787732191  
0.878129335236  
0.869120969148  
0.864127663235  
0.863056790191  
0.865377897295  
0.870186700494  
0.876306680044  
0.8824180108    
0.887200867706  
0.88947873127   
0.88834731787   
0.883276175379  
0.874172677261  
0.861401853762  
0.845759853993  
0.828403410246  
0.810742027004  
0.794303314526  
0.780584567764  
0.770905091743  
0.766273756166  
0.767284825295  
0.774052393365  
0.786190025558  
0.802837823752  
0.822734532697  
0.844327925502  
0.865912985131  
0.885784694632  
0.902390827358  
0.914470128472  
0.921162700428  
0.922082109147  
0.917342449769  
0.907537987625  
0.893677593653  
0.877080574275  
0.859244226004  
0.841696160829  
0.82584588512   
0.812850133229  
0.803505056484  
0.798175687517  
0.796769402339  
0.798755751537  
0.803230454366  
0.809016994375  
0.814795549713  
0.819246298607  
0.821192724844  
0.819730548071  
0.814329319428  
0.804896415635  
0.79179687019   
0.775826835448  
0.758143046939  
0.740155012376  
0.723390345242  
0.709346343707  
0.699342316005  
0.694387135043  
0.695075068279  
0.701520213138  
0.713336137981  
0.729662947865  
0.749239390707  
0.770513242776  
0.79177949019   
0.811333119143  
0.827621906129  
0.839384599441  
0.845761304659  
0.846365590822  
0.84131155618   
0.831193469165  
0.817020203813  
0.80011106963   
0.781963366214  
0.764104708624  
0.747944606298  
0.734639796643  
0.724986434038  
0.719349554158  
0.717636536049  
0.719316933327  
0.723486468263  
0.728968627421  
0.734443591954  
0.738591543083  
0.740235967585  
0.738472588088  
0.732770958704  
0.723038459118  
0.709640125786  
0.693372114009  
0.675391162261  
0.657106781187  
0.640046587194  
0.625707881369  
0.615409974856  
0.61016174346   
0.610557457533  
0.616711217383  
0.628236594249  
0.644273696054  
0.663561273574  
0.684547105929  
0.70552618208   
0.724793491056  
0.740796812176  
0.75227489655   
0.758367852569  
0.75868925207   
0.753353196096  
0.742953955864  
0.728500408181  
0.711311865324  
0.692885629645  
0.674749318953  
0.658312445427  
0.644731749205  
0.63480338739   
0.628892398369  
0.626906163896  
0.628314240281  
0.632212352484  
0.637423989749  
0.642629335895  
0.646508574809  
0.647885195917  
0.645854924491  
0.639887317276  
0.629889756584  
0.616227281486  
0.59969604989   
0.581452802868  
0.562907053653  
0.545586421233  
0.530988209265  
0.520431731453  
0.514925866156  
0.515064886267  
0.520962894628  
0.532233465003  
0.548016707828  
0.567051376386  
0.587785252292  
0.608513326996  
0.627530592002  
0.643284829098  
0.654514791852  
0.660360591103  
0.660435801128  
0.6548545254    
0.644211037556  
0.629514216815  
0.612083377852  
0.593415825413  
0.575039179688  
0.558362955227  
0.544543894532  
0.534378157057  
0.528230783534  
0.526009158047  
0.527182839231  
0.53084755436   
0.535826794979  
0.540800747204  
0.544449597203  
0.545596836677  
0.543338193161  
0.537143225657  
0.526919318717  
0.513031513647  
0.496275970581  
0.477809432803  
0.45904141575   
0.441499540605  
0.426681113206  
0.415905449433  
0.410181429806  
0.410103329373  
0.415785253119  
0.426840776939  
0.442410013392  
0.461231717874  
0.481753674102  
0.502270875616  
0.521078316001  
0.536623779118  
0.547646020595  
0.55328515332   
0.553154753611  
0.547368926969  
0.536521949051  
0.521622701083  
0.50399049974   
0.485122651753  
0.46654677929   
0.449672398868  
0.435656254943  
0.425294508915  
0.418952203451  
0.416536724558  
0.417517632785  
0.420990657308  
0.425779291565  
0.430563723552  
0.434024141308  
0.434984038394  
0.432539144193  
0.426159019546  
0.415751050832  
0.401680281176  
0.384742872514  
0.366095569926  
0.347147890635  
0.329427457594  
0.314431578408  
0.303479570703  
0.297580316744  
0.297328093306  
0.302837007092  
0.313720635706  
0.329119093404  
0.347771137266  
0.368124552685  
0.388474334862  
0.407115479038  
0.422495770712  
0.433353967143  
0.438830182839  
0.438537995725  
0.432591512899  
0.421585011604  
0.40652737464   
0.388737920245  
0.369713956704  
0.350983107723  
0.33395489135   
0.319786053559  
0.309272757257  
0.302780046607  
0.300215309101  
0.301048106759  
0.304374170222  
0.309016994375  
0.313656768655  
0.316973682529  
0.317791230973  
0.315205144777  
0.308684986173  
0.298138142924  
0.283929659524  
0.26685569927   
0.248073008589  
0.228991106039  
0.2111376159    
0.196009847088  
0.184927118532  
0.178898313787  
0.178517710906  
0.183899417861  
0.194657013508  
0.20993061335   
0.228458975698  
0.248689887165  
0.268918344163  
0.287439343129  
0.302700670748  
0.313441085453  
0.318800702915  
0.31839310221   
0.312332391575  
0.301212849379  
0.286043359539  
0.268143241397  
0.249009804328  
0.230170673122  
0.213035366893  
0.198760632674  
0.188142634416  
0.181546417314  
0.178879369884  
0.179611055155  
0.182837204764  
0.187381314586  
0.191923575029  
0.195144176523  
0.195866614996  
0.193186622175  
0.18657376122   
0.175935420809  
0.161636646337  
0.144473601995  
0.125603035087  
0.10643446504   
0.0884955169885 
0.0732835006914 
0.0621177359105 
0.0560071070187 
0.0555458928783 
0.0608482022553 
0.0715276147914 
0.0867242467589 
0.10517685723   
0.125333233564  
0.145488372911  
0.163937272428  
0.179127719515  
0.189798473303  
0.19508965015   
0.194614829809  
0.188488121179  
0.177303803281  
0.162070760671  
0.144108313319  
0.124913771215  
0.106014759751  
0.0888207986327 
0.0744886354721 
0.0638144347872 
0.0571632423278 
0.0544424471511 
0.0551216128185 
0.0582964714846 
0.0627905195293 
0.0672839478569 
0.0704569473779 
0.0711330144905 
0.0684078813799 
0.0617511116503 
0.0510700944139 
0.0367298754878 
0.0195266194698 
0.000617074063458
-0.0185892409219
-0.0365646999782
-0.051811992986 
-0.0630117998357
-0.0691552358181
-0.0696480217475
-0.064376048546 
-0.0537257362726
-0.0385569683678
-0.0201309854849
