-0.201111967772 
-0.198064389404 
-0.195016516819 
-0.191967578943 
-0.188916778094 
-0.185863311177 
-0.182806391431 
-0.179745270075 
-0.176679257168 
-0.173607740986 
-0.170530205283 
-0.16744624385  
-0.164355571908 
-0.161258033975 
-0.158153607996 
-0.155042405666 
-0.15192466903  
-0.148800763567 
-0.14567116808  
-0.142536461825 
-0.139397309355 
-0.136254443616 
-0.13310864781  
-0.129960736572 
-0.126811536917 
-0.123661869412 
-0.120512529951 
-0.117364272446 
-0.114217792717 
-0.111073713796 
-0.10793257285  
-0.104794809881 
-0.101660758379 
-0.0985306380792
-0.0954045499824
-0.0922824737994
-0.0891642679649
-0.0860496723492
-0.0829383137581
-0.0798297142577
-0.0767233022895
-0.0736184264515
-0.0705143717247
-0.0674103778166
-0.0643056591898
-0.0611994262487
-0.0580909070763
-0.054979369059 
-0.0518641397074
-0.0487446259887
-0.0456203315228
-0.0424908710664
-0.0393559818096
-0.0362155311319
-0.0330695206059
-0.0299180861797
-0.0267614946177
-0.0236001364113
-0.0204345154893
-0.0172652361501
-0.0140929877063
-0.0109185273664
-0.00774266189227
-0.00456622855341
-0.00139007586481
0.00178495545171
0.00495805090102
0.0081284397174 
0.0112954111639 
0.0144583294003 
0.0176166467234 
0.0207699150066 
0.0239177951742 
0.02706006455   
0.0301966219211 
0.0333274901567 
0.0364528162352 
0.0395728685493 
0.0426880314007 
0.0457987966455 
0.0489057525269 
0.052009569818  
0.0551109854984 
0.0582107842913 
0.0613097784961 
0.0644087866434 
0.0675086115821 
0.0706100186633 
0.0737137147124 
0.0768203284783 
0.0799303932071 
0.0830443319193 
0.0861624458681 
0.089284906532  
0.092411751359  
0.0955428833293 
0.0986780742615 
0.101816971653  
0.104959108724  
0.108103917247  
0.111250742676  
0.114398861042  
0.11754749709   
0.120695843132  
0.123843078129  
0.126988386566  
0.130130976738  
0.133270098124  
0.136405057578  
0.1395352341    
0.142660092007  
0.14577919232   
0.1488922022    
0.151998902289  
0.155099191774  
0.158193091033  
0.161280741705  
0.164362404057  
0.167438451557  
0.170509362613  
0.17357570952   
0.176638144724  
0.179697384644  
0.182754191355  
0.185809352585  
0.188863660544  
0.19191789019   
0.194972777603  
0.198028999152  
0.201087152138  
0.204147737574  
0.207211145667  
0.210277644471  
0.213347372092  
0.216420332626  
0.219496395921  
0.222575301073  
0.225656663455  
0.228739984936  
0.231824666883  
0.234910025451  
0.237995308633  
0.241079714535  
0.24416241036   
0.247242551609  
0.25031930106   
0.25339184715   
0.256459421426  
0.259521314805  
0.262576892395  
0.265625606711  
0.268667009083  
0.27170075911   
0.274726631998  
0.277744523613  
0.280754453104  
0.283756562933  
0.286751116195  
0.289738491131  
0.292719172804  
0.295693741958  
0.298662861203  
0.301627258733  
0.304587709915  
0.307545017171  
0.310499988692  
0.313453416589  
0.316406055138  
0.319358599821  
0.322311667846  
0.32526578079   
0.328221349951  
0.331178664874  
0.334137885425  
0.337099037598  
0.340062013158  
0.343026573011  
0.345992354114  
0.348958879585  
0.351925571594  
0.35489176655   
0.357856732055  
0.360819685092  
0.363779810921  
0.366736282207  
0.369688277929  
0.372635001706  
0.375575699191  
0.378509674283  
0.381436303923  
0.38435505127   
0.387265477093  
0.390167249213  
0.393060149834  
0.395944080599  
0.398819065224  
0.401685249543  
0.404542898853  
0.407392392459  
0.410234215379  
0.413068947254  
0.415897248573  
0.418719844449  
0.421537506257  
0.424351031581  
0.427161222994  
0.429968866266  
0.43277470869   
0.435579438184  
0.43838366389   
0.441187898885  
0.443992545612  
0.446797884479  
0.449604066001  
0.45241110669   
0.45521888876   
0.458027163572  
0.460835558613  
0.463643587669  
0.466450663779  
0.469256114484  
0.472059198839  
0.474859125647  
0.477655072413  
0.480446204514  
0.483231694151  
0.486010738705  
0.488782578174  
0.491546511406  
0.494301910921  
0.497048236106  
0.49978504462   
0.502512001851  
0.505228888244  
0.50793560437   
0.510632173544  
0.513318741876  
0.515995575595  
0.518663055586  
0.521321669075  
0.523971998517  
0.526614707797  
0.529250525979  
0.531880228915  
0.534504619161  
0.537124504717  
0.53974067721   
0.54235389017   
0.544964838105  
0.547574137052  
0.550182307254  
0.552789758546  
0.555396778915  
0.558003526605  
0.56061002596   
0.563216167094  
0.5658217093    
0.568426287982  
0.571029424801  
0.573630540592  
0.576228970574  
0.578823981335  
0.581414789039  
0.584000578347  
0.586580521562  
0.58915379756   
0.591719610127  
0.594277205371  
0.596825887948  
0.599365035861  
0.60189411365   
0.604412683789  
0.606920416131  
0.609417095242  
0.611902625458  
0.614377033513  
0.616840468587  
0.619293199641  
0.621735609956  
0.624168188831  
0.62659152048   
0.629006270252  
0.631413168384  
0.633812991635  
0.636206543216  
0.638594631548  
0.640978048462  
0.643357547501  
0.64573382301   
0.648107490712  
0.650479070403  
0.652848971361  
0.655217480934  
0.657584756655  
0.659950822115  
0.662315566654  
0.664678748785  
0.667040003152  
0.669398850692  
0.671754711572  
0.674106920418  
0.676454743312  
0.67879739602   
0.681134062922  
0.683463916177  
0.68578613466   
0.688099922311  
0.69040452556   
0.692699249556  
0.694983472976  
0.697256661221  
0.699518377814  
0.701768293851  
0.704006195336  
0.706231988238  
0.708445701119  
0.71064748518   
0.712837611596  
0.715016466045  
0.717184540411  
0.719342421667  
0.721490778095  
0.723630343027  
0.725761896478  
0.72788624506   
0.730004200738  
0.73211655902   
0.734224077243  
0.736327453664  
0.738427308013  
0.74052416419   
0.742618435657  
0.74471041401   
0.746800261095  
0.748888004863  
0.750973539048  
0.753056626586  
0.755136906561  
0.757213904354  
0.759287044571  
0.761355666264  
0.76341903992   
0.765476385675  
0.767526892243  
0.769569736066  
0.771604100251  
0.773629192908  
0.775644264569  
0.777648624416  
0.779641655083  
0.781622825848  
0.783591704028  
0.785547964429  
0.787491396676  
0.789421910274  
0.79133953723   
0.793244432103  
0.795136869336  
0.797017237791  
0.798886032447  
0.800743843294  
0.802591341542  
0.804429263382  
0.806258391606  
0.808079535536  
0.809893509778  
0.811701112418  
0.813503103313  
0.815300183183  
0.817092974175  
0.818882002561  
0.820667684134  
0.82245031279   
0.824230052644  
0.826006933894  
0.827780852503  
0.829551573625  
0.831318738553  
0.833081874875  
0.834840409412  
0.836593683434  
0.838340969663  
0.840081490485  
0.841814436888  
0.843538987614  
0.8452543281    
0.84695966882   
0.848654262707  
0.850337421383  
0.852008529966  
0.85366706026   
0.855312582158  
0.85694477309   
0.858563425354  
0.86016845118   
0.861759885353  
0.863337885261  
0.86490272823   
0.866454806058  
0.867994616714  
0.869522753227  
0.871039889901  
0.87254676607   
0.87404416772   
0.875532907413  
0.877013803046  
0.878487656037  
0.879955229625  
0.881417227952  
0.882874276629  
0.884326905429  
0.885775533688  
0.887220458879  
0.88866184873   
0.890099737084  
0.891534023579  
0.892964477075  
0.894390742595  
0.895812351488  
0.89722873435   
0.898639236257  
0.900043133749  
0.90143965305   
0.902827989001  
0.904207324211  
0.905576847991  
0.906935774703  
0.908283361173  
0.909618922922  
0.910941848969  
0.912251615022  
0.913547794877  
0.914830069864  
0.916098236178  
0.917352209938  
0.918592029814  
0.919817857067  
0.921029972884  
0.922228772916  
0.923414758965  
0.924588527883  
0.925750757779  
0.926902191774  
0.92804361962   
0.929175857631  
0.930299727428  
0.931416034136  
0.932525544676  
0.933628966845  
0.934726929889  
0.935819967186  
0.936908501652  
0.93799283431   
0.939073136411  
0.940149445292  
0.941221664057  
0.942289564998  
0.94335279655   
0.944410893435  
0.945463289604  
0.946509333453  
0.947548304822  
0.94857943321   
0.949601916709  
0.950614941158  
0.951617699086  
0.95260940805   
0.953589328061  
0.954556777814  
0.955511149494  
0.956451921973  
0.957378672207  
0.958291084687  
0.959188958777  
0.960072213771  
0.960940891524  
0.961795156498  
0.962635293098  
0.963461700213  
0.964274882906  
0.965075441316  
0.965864056866  
0.966641476021  
0.967408491913  
0.968165924266  
0.968914598148  
0.969655322171  
0.970388866779  
0.971115943335  
0.971837184687  
0.972553127863  
0.973264199464  
0.973970704245  
0.974672817228  
0.975370579564  
0.976063898212  
0.976752549359  
0.977436185372  
0.978114344947  
0.978786466041  
0.979451901095  
0.980109934021  
0.980759798427  
0.981400696537  
0.982031818352  
0.982652360584  
0.983261544995  
0.983858635822  
0.984442955999  
0.985013901966  
0.985570956859  
0.986113701907  
0.986641825881  
0.987155132425  
0.987653545114  
0.988137110082  
0.988605996063  
0.989060491729  
0.989501000222  
0.989928030848  
0.990342187972  
0.990744157229  
0.991134689273  
0.991514581408  
0.991884657503  
0.992245746754  
0.992598661869  
0.992944177364  
0.993283008648  
0.993615792583  
0.993943070184  
0.994265272009  
0.994582706738  
0.994895553289  
0.995203856677  
0.995507527694  
0.995806346331  
0.996099968728  
0.996387937324  
0.996669693791  
0.996944594255  
0.997211926289  
0.99747092713   
0.997720802613  
0.997960746321  
0.998189958527  
0.998407664531  
0.99861313209   
0.998805687639  
0.9989847311    
0.999149749075  
0.999300326249  
0.999436154832  
0.999557041897  
0.999662914442  
0.999753822011  
0.999829936747  
0.999891550725  
0.999939070485  
0.999973008735  
0.999993973238  
1.00000265303   
0.999999802179  
0.999986221395  
0.999962737972  
0.999930184535  
0.999889377236  
0.999841094046  
0.999786053845  
0.999724896987  
0.999658167995  
0.999586300956  
0.999509608106  
0.99942827194   
0.99934234108   
0.999251729951  
0.999156222209  
0.999055477691  
0.998949042564  
0.998836362264  
0.998716796717  
0.998589637332  
0.998454125219  
0.998309470123  
0.998154869575  
0.997989527833  
0.997812674223  
0.997623580559  
0.997421577373  
0.99720606872   
0.996976545365  
0.996732596189  
0.996473917632  
0.996200321025  
0.995911737648  
0.995608221359  
0.995289948632  
0.994957215897  
0.994610434067  
0.994250120239  
0.993876886578  
0.993491426534  
0.993094498592  
0.992686907891  
0.992269486152  
0.991843070426  
0.991408481288  
0.990966501127  
0.990517853228  
0.990063182338  
0.989603037359  
0.989137856738  
0.98866795705   
0.988193525104  
0.987714613811  
0.987231141858  
0.986742897129  
0.986249543656  
0.985750631771  
0.985245611033  
0.984733845456  
0.984214630496  
0.983687211271  
0.983150801492  
0.982604602619  
0.982047822792  
0.981479695181  
0.980899495405  
0.980306557757  
0.979700290018  
0.979080186642  
0.978445840162  
0.977796950634  
0.977133332976  
0.976454922026  
0.975761775168  
0.975054072384  
0.974332113584  
0.973596313148  
0.972847191619  
0.9720853646    
0.971311528968  
0.970526446625  
0.969730926128  
0.968925802613  
0.96811191655   
0.967290091936  
0.966461114588  
0.965625711235  
0.964784530074  
0.963938123474  
0.963086933366  
0.962231279825  
0.961371353183  
0.960507209891  
0.959638772201  
0.958765831584  
0.957888055682  
0.957004998459  
0.956116113132  
0.955220767395  
0.954318260406  
0.953407841007  
0.952488726655  
0.951560122571  
0.950621240679  
0.949671317948  
0.948709633809  
0.947735526385  
0.946748407293  
0.945747774839  
0.944733225411  
0.943704462933  
0.942661306192  
0.9416036939    
0.940531687321  
0.939445470314  
0.93834534667   
0.937231734646  
0.936105158663  
0.934966238198  
0.933815673997  
0.93265423183   
0.931482724115  
0.930301989844  
0.929112873334  
0.927916202428  
0.926712766779  
0.925503296943  
0.924288444942  
0.923068766957  
0.921844708727  
0.920616594125  
0.919384617274  
0.918148838408  
0.916909183555  
0.915665447953  
0.914417303003  
0.913164306421  
0.911905915168  
0.910641500672  
0.909370365823  
0.908091763184  
0.906804913927  
0.905509026983  
0.904203317979  
0.902887027582  
0.901559438913  
0.900219893782  
0.898867807486  
0.897502682005  
0.896124117395  
0.894731821241  
0.893325615983  
0.891905443979  
0.890471370127  
0.889023581912  
0.887562386736  
0.886088206458  
0.884601569083  
0.883103097659  
0.881593496484  
0.880073534866  
0.87854402874   
0.877005820594  
0.875459758228  
0.87390667294   
0.872347357822  
0.870782546847  
0.869212895434  
0.867638963141  
0.866061199061  
0.864479930405  
0.862895354614  
0.861307535221  
0.859716401534  
0.858121752058  
0.856523261444  
0.854920490644  
0.853312899845  
0.851699863687  
0.850080688262  
0.848454629328  
0.846820911246  
0.845178746128  
0.84352735278   
0.841865975042  
0.840193899213  
0.838510470274  
0.836815106701  
0.835107313654  
0.833386694375  
0.831652959642  
0.829905935095  
0.828145566305  
0.826371921393  
0.824585191079  
0.822785686019  
0.820973831338  
0.819150158325  
0.817315293332  
0.815469943979  
0.813614882912  
0.811750929427  
0.809878929394  
0.80799973401   
0.806114177992  
0.80422305787   
0.80232711107   
0.800426996482  
0.79852327715   
0.796616405669  
0.794706712761  
0.792794399389  
0.790879532619  
0.788962045296  
0.787041739469  
0.785118293334  
0.783191271388  
0.781260137362  
0.779324269437  
0.777382977239  
0.775435520056  
0.773481125764  
0.771519009985  
0.769548395019  
0.767568528187  
0.765578699253  
0.763578256648  
0.761566622276  
0.759543304706  
0.757507910572  
0.755460154015  
0.753399864019  
0.751326989473  
0.749241601788  
0.747143894952  
0.745034182856  
0.742912893836  
0.74078056236   
0.738637817929  
0.736485371282  
0.734323998155  
0.7321545209    
0.72997778841   
0.727794654875  
0.725605957972  
0.723412497159  
0.721215012757  
0.719014166516  
0.716810524311  
0.714604541532  
0.712396551667  
0.71018675841   
0.707975231528  
0.705761906537  
0.703546588124  
0.701328957096  
0.699108580532  
0.696884924717  
0.694657370359  
0.692425229586  
0.690187764161  
0.687944204416  
0.685693768403  
0.683435680834  
0.681169191422  
0.678893592306  
0.676608234275  
0.674312541582  
0.672006025128  
0.669688293872  
0.667359064272  
0.665018167626  
0.66266555513   
0.660301300508  
0.657925600058  
0.655538769987  
0.653141240954  
0.650733549763  
0.648316328257  
0.645890289537  
0.643456211712  
0.641014919531  
0.638567264301  
0.63611410265   
0.633656274716  
0.631194582443  
0.628729768666  
0.626262497678  
0.623793337923  
0.621322747392  
0.618851062202  
0.616378488709  
0.613905099372  
0.611430832429  
0.608955495318  
0.60647877163   
0.604000231253  
0.60151934331   
0.599035491376  
0.596547990466  
0.594056105258  
0.591559069017  
0.58905610275   
0.586546434137  
0.584029315877  
0.581504043106  
0.578969969619  
0.576426522678  
0.573873216199  
0.571309662152  
0.568735580005  
0.566150804058  
0.563555288494  
0.560949110013  
0.558332467866  
0.555705681198  
0.553069183572  
0.550423514671  
0.547769309186  
0.545107283026  
0.542438217074  
0.539762938809  
0.537082302228  
0.534397166601  
0.531708374661  
0.529016730901  
0.526322980655  
0.523627790663  
0.520931731768  
0.518235264309  
0.515538726701  
0.51284232755   
0.510146141513  
0.507450108981  
0.504754039498  
0.502057618716  
0.499360418542  
0.496661910075  
0.493961478825  
0.491258441708  
0.488552065266  
0.485841584595  
0.483126222499  
0.480405208431  
0.477677796833  
0.474943284561  
0.472201027107  
0.469450453413  
0.466691079056  
0.463922517653  
0.461144490307  
0.458356832941  
0.455559501359  
0.452752573868  
0.449936251331  
0.447110854499  
0.444276818542  
0.441434684754  
0.438585089439  
0.435728750128  
0.432866449331  
0.42999901616   
0.427127306257  
0.424252180546  
0.421374483427  
0.418495021067  
0.415614540489  
0.412733710133  
0.409853102552  
0.406973179809  
0.404094282051  
0.40121661963   
0.398340268957  
0.395465172186  
0.392591140635  
0.389717861735  
0.386844909181  
0.383971755863  
0.38109778909   
0.378222327578  
0.375344639672  
0.372463962272  
0.369579519987  
0.366690544073  
0.363796290774  
0.360896058739  
0.357989205255  
0.355075161048  
0.352153443474  
0.34922366792   
0.346285557249  
0.343338949132  
0.340383801108  
0.337420193211  
0.334448328012  
0.331468527954  
0.328481229888  
0.325486976767  
0.322486406539  
0.319480238358  
0.316469256341  
0.313454291185  
0.310436200098  
0.307415845551  
0.304394073467  
0.301371691519  
0.29834944821   
0.295328013444  
0.292307961214  
0.289289755002  
0.286273736355  
0.283260117     
0.280248974705  
0.277240252962  
0.274233764404  
0.271229197758  
0.268226127994  
0.265224029261  
0.262222290108  
0.259220230473  
0.256217119903  
0.253212196487  
0.250204686006  
0.247193820871  
0.244178858466  
0.24115909857   
0.23813389958   
0.235102693321  
0.232064998238  
0.229020430788  
0.225968714898  
0.222909689289  
0.219843312538  
0.216769665706  
0.213688952379  
0.210601496008  
0.207507734439  
0.204408211609  
